BSPLINE
14
4

1 0
0 1
-1 0
0 -1
18.0
0.0 1 0 0
0 -3 0

1 0
0 1
-1 0
0 -1
19.0
0.0 1 0 0
0 -3 0

1 0
0 1
-1 0
0 -1
17.0
0.0 1 0 0
0 -4 0

1 0
0 1
-1 0
0 -1
15.0
0.0 1 0 0
0 -4 0

1 0
0 1
-1 0
0 -1
0.0
0.0 1 0 0
0 -3 0

1 0
0 1
-1 0
0 -1
10.0
0.0 1 0 0
0 -3 0

1 0
0 1
-1 0
0 -1
10.0
0.0 1 0 0
0 10 0

1 0
0 1
-1 0
0 -1
8.0
0.0 1 0 0
0 10 0

1 0
0 1
-1 0
0 -1
8.0
0.0 1 0 0
0 -2 0

1 0
0 1
-1 0
0 -1
0.0
0.0 1 0 0
0 -2 0

1 0
0 1
-1 0
0 -1
1.5
1.57 0 0 1
7 0 0

1 0
0 1
-1 0
0 -1
1.5
3.14 0 0 1
10 5 0

1 0
0 1
-1 0
0 -1
1.5
4.71 0 0 1
8 7.5 0

1 0
0 1
-1 0
0 -1
1.5
5 0 0 1
6.5 7 0